5551997307202
5522999594779
5584999914979
5567999766790
5511994405041
5521964137611
5566999362835
5585997607355
5541996136920
5551994891697
5521964960412
5542999923377
5591985412700
5584999460019
5519974021488
5582991832368
5513996439678
5591991107434
5591991867688
5531998883456
5516997055542
5554991160533
5549991513167
5593991654601
5541995374900
5583988601721
5511994231954
5511941575379
5571997326828
5571999765773
5527999942271
5584994299515
5593981211054
5514988244458
5579998421004
5511973890016
5541996544345
5581986280521
5511972103939
5533998433983
5519998362862
5573999085476
5548996824766
5527992238855
5583993747382
5532998103579
5524998168820
5524999582279
5567992243271
5581987653996
5515996924523
5517996263061
5514991549231
5571993073847
5516993290912
5519991432722
5511989159397
5579998982792
5584987348199
5511999052626
5599996449626
5531995240845
5575991614163
5521977255018
5567992398098
5555999958911
5566999379712
5521983237360
5534997815417
5582999269791
5511947825580
5519989300217
5519998804515
5582999011833
5518991754188
5594991244424
5567991957490
5547992045450
5512997927000
5511998398747
5549998419741
5581988460920
5541991130036
5587996112358
5591985310840
5538999180992
5598987858127
5575991459405
5583986125574
5511975304733
5583988859784
5521970759225
5575988097108
5511956396761
5564981620230
5584996534557
5511947399326
5591981941337
5562991879255
5511971543444
5585988891250
5598981935254
5561996383979
5534998211949
5588992554958
5512997357103
5521991391691
5517997467236
5535999063379
5581999399544
5591980248493
5511947042513
5521972734468
5531986289318
5511971018703
5511994847138
5511910373819
5516991362076
5511931435488
5553981003558
5545991568113
5596984148084
5566992034045
5532988026710
5591988809295
5531986146340
5521999265234
5519999142503
5595991764695
5519989499010
5542984049064
5574981105530
5564999771051
5521990442075
5561981279004
5575998414807
5511954471237
5521990208052
5575998067402
5593992118118
5562981454687
5551984597544
5514998553320
5542999505065
5582982304418
5511969316752
5582988921474
5581987506689
5581987958723
5586994568431
5521960169636
5544998033386
5599984624272
5547996464894
5562993429330
5511969269162
5573982195923
5517991354297
5567991229732
5592999966500
5521966791030
5541984684512
5585986562700
5541998657826
5561993391235
5524998240199
5579996829622
5581984842762
5599991712762
5591985462287
5575999281819
5533988914637
5512997230316
5533987163258
5511957754294
5587991924751
5565984481082
5511953087497
5541999765789
5541999827535
5598982739721
5521976807907
5511975578719
5565993241616
5583988102940
5592994712706
5511993970143
5585997644408
5588992764626
5571988074799
5527999171877
5592988263195
5521979322379
5567991633601
5598987369046
5571988385072
5521996037510
5511978225698
5591982265926
5519992364581
5521968096161
5585986539201
5551999689633
5585996134882
5521995467015
5511974529837
5588988115064
5527997773757
5592984660058
5543991917985
5542988222877
5531982116955
5521996722938
5511994513311
5567984437375
5511957822234
5538997441921
5581988728280
5583988959794
5511980536864
5512991314714
5591981216740
5584991962395
5516993914700
5551993770777
5521986832488
5511988568191
5522997633870
5513996754950
5581986439740
5571991588152
5585987235084
5584986093001
5513997062879
5511957133844
5587991802026
5571999267270
5511947747188
5511947431427
5515996875345
5583988559137
5545999794597
5548996620215
5527999074585
5521986491721
5527997282703
5516992319785
5567993504972
5521974593433
5511999161281
5592991500857
5516991516896
5531971592919
5561985528231
5511948779578
5511982113995
5583988387233
5511961257066
5551980259145
5588999170798
5527997460743
5521989122526
5521983556306
5598985339411
5561991697402
5586998238439
5511988682236
5584994597945
5543991029922
5521996787341
5518991479391
5566999067833
5582981610395
5581995200710
5581999142081
5512981241532
5588992290055
5531994029019
5519988053013
5585992159298
5511981849842
5511989239620
5524992676827
5561996997159
5517997456035
5585986208464
5542999663057
5511998324397
5521999619362
5533999745759
5548996279215
5551998074170
5521984727635
5511950490386
5585986582310
5547991788414
5511962483612
5511940388433
5581999314196
5522998092547
5544998206666
5583986138331
5575998808952
5521964427137
5531974018807
5534992683374
5591984296798
5599984083016
5585996241775
5541984047876
5571988467077
5531995402274
5527997245277
5521964342482
5521993718107
5581988828705
5561994040234
5531984198987
5581988779759
5582991522537
5591993145778
5571981621485
5521969994256
5544991357435
5532984315291
5527999753452
5511991023350
5573981985642
5581999541261
5562991935895
5585982053731
5589999912850
5564992767117
5564992605006
5521970370794
5585986199492
5511994810417
5575991915836
5512992189585
5511974138520
5551991801523
5514991317414
5514996107051
5581994981619
5527996617589
5599981399399
5518996470365
5583988382904
5511932495039
5594993045883
5585992057587
5582999002344
5593984126005
5519971726452
5565992161265
5584998364348
5599991145825
5594992667559
5541996053088
5517988041454
5519997892220
5522997097929
5571991021481
5516993236753
5561992602122
5582988895701
5515996732951
5584994683408
5588996471106
5527992456252
5584988621137
5548984267542
5527992659549
5565996308694
5541991933015
5585986154373
5515997919101
5565999250718
5583999371671
5588996049626
5511999846249
5555999704318
5511968646894
5519998058438
5591988416055
5544999589723
5511996418141
5527993111962
5542988145460
5562982616102
5574988216955
5591985793791
5542991327663
5511989472346
5588996754675
5521965516218
5511997314769
5544991585149
5555999595709
5555984124495
5542988137073
5582999752395
5531996716291
5527998713323
5585994279413
5563992662685
5599984320866
5531998728103
5535991147794
5561999160985
5527988676783
5544999813087
5584987978777
5562982650395
5583986186532
5589981037795
5581987471062
5521972773855
5516988144689
5585981232728
5531998995000
5541984459543
5571996152798
5514991663700
5585986908109
5511965597444
5577988384231
5521991562425
5598992683445
5511997479054
5528999928008
5582987083746
5511997481718
5521972223792
5521990573265
5521997448001
5521983911125
5584981252162
5585987849998
5599984080369
5541996906842
5534999500718
5575998140145
5598985260363
5521984468808
5511995640516
5511973523466
5595991142238
5513992014916
5511968994919
5592984331754
5562994433563
5515996008081
5521970788592
5511932399379
5571987222138
5542988541089
5511998971144
5551992319477
5514991243856
5583993404541
5585999257508
5521996169993
5511973995637
5512988327020
5598988447396
5562998581006
5585999988643
5511937056478
5522997877274
5532988104379
5591982811040
5548998369338
5551996858593
5582998084996
5531993493211
5574999284108
5512991608383
5511916256856
5589994176035
5511960940661
5581994121614
5519991856708
5542988575283
5511962152270
5519989887670
5551996941454
5521996334973
5571999666733
5515997041740
5548984461438
5511967826606
5545998175904
5511912814982
5588994498401
5542998104916
5521993832279
5519999472789
5511975556332
5511968403145
5511961339837
5544998143481
5547992123896
5555991009522
5533999908538
5564999766966
5595991250302
5585991260520
5585985293630
5585988545790
5584988381902
5581997801521
5551996241073
5519999979063
5542999195571
5519987065164
5521974802898
5511930625797
5587988670085
5577981074727
5511945583980
5564999997900
5581999185305
5527995026030
5511999376315
5521988777014
5521997139828
5521986852524
5513997620815
5589981412949
5581983538287
5551998562185
5519999283625
5588993777570
5511944584124
5521981768049
5521984636862
5581999226275
5551996305446
5531986505399
5524992633193
5519978259779
5541998165494
5517996134800
5542988342098
5581997542798
5541997361848
5511996081841
5571993203531
5511975531369
5514996580168
5511984919926
5521964908071
5551999119732
5598985823024
5521982614475
5531985842789
5513991998534
5511941632668
5562992130754
5516997475336
5566999428408
5547999019362
5531988336139
5561998841949
5511973006097
5548984428157
5585988455615
5511974769968
5522998345333
5585991316840
5511960377193
5515996027397
5541996104911
5547984021774
5577999114596
5511946625427
5531995613332
5588988020866
5511988397001
5598987169343
5592992516736
5511972563630
5599991023073
5547991433671
5598991743114
5547992917449
5515997653772
5595991164384
5521995601869
5551999235584
5581987986783
5511999801252
5575992904332
5531999532660
5521970137193
5541985053071
5511999518110
5583998419601
5527981549897
5511993822172
5582981156836
5581983643418
5584987851113
5533998189355
5585986065941
5512996528175
5551991496280
5513974238637
5581991027203
5511973599188
5513991250464
5561999656511
5531999863559
5522998308066
5584991463167
5591993250456
5591988991392
5513996834803
5583987958639
5584994257143
5584988532858
5516999626843
5569992085296
5512997871180
5511973366744
5531984816391
5519999871961
5511932281744
5527988426836
5511941744207
5521997930422
5591991227864
5511946595853
5591984573207
5551992500901
5545998210515
5519971281544
5513974148305
5521976431858
5554984120634
5511997007338
5511971147747
5555996153808
5535991985240
5512997324861
5541984692646
5514991461796
5511965637428
5567999246936
5545984326979
5511997733748
5511940466492
5521976037858
5511982276830
5571992925270
5511988863852
5531986405020
5582987417116
5527999592201
5547996106990
5568999070632
5581988952665
5511981082031
5575982554392
5553999558008
5511987302499
5554984214866
5551999829840
5542999469579
5511961263191
5531971101414
5511940036714
5591987711356
5524988670924
5567992915452
5591981637210
5571987154771
5573999995580
5585986336113
5521983333170
5511943983333
5547991661542
5521995094827
5511995760771
5562996353335
5521979561039
5547984241262
5582991032631
5561995117677
5569992470647
5516992813695
5534996417276
5542999669939
5598999023069
5598991317448
5513997524589
5571986410672
5554999600798
5541998612438
5541988376775
5518996675746
5511944595361
5583988733177
5531989878523
5582996571868
5518997946558
5549998338844
5541985149101
5511973001510
5511944923981
5531996319063
5511971924308
5585988239755
5562993226825
5564992071125
5584991353106
5531975145802
5535988694798
5513997094956
5511994046649
5591985628829
5582996554386
5554996517055
5511967029534
5511988723760
5584998527416
5599981805008
5511966977821
5564996641693
5511964179313
5521998540023
5561985051839
5521971355718
5527997315847
5511947144961
5583988568906
5514991554799
5571987976913
5589981012252
5581981380412
5511962567517
5516996253622
5544991091905
5513988202342
5553984754630
5521976401484
5521993337161
5521991171972
5511967235654
5527992015114
5571988449832
5518997545956
5592994977463
5575999303337
5575999833857
5573998086512
5585987434944
5561986598638
5571982418203
5551992933554
5598991383795
5521997052140
5511944956389
5592984618675
5511947620817
5573988309702
5511964112153
5511986623952
5599984287110
5542999769540
5535992421513
5522999933351
5561996306899
5561999323237
5514997662514
5521983797302
5581988838808
5543988299325
5532998140878
5519998081590
5534999143081
5519999920321
5562999654307
5541984445674
5581985757233
5574991227901
5585988650269
5582994112419
5575992514081
5541991511078
5566996327823
5549999821338
5591981175578
5593992337911
5521967853777
5585986614701
5527999014683
5551998930767
5585991746128
5553984213831
5511999158033
5592992480409
5574991173916
5581991762599
5514997428294
5513997866368
5511962877302
5511969242404
5561999063462
5592994597445
5571992678913
5571999078320
5548991929280
5547984677037
5585988345369
5522998165522
5591992141945
5511967545178
5531995161556
5562985258771
5541996423401
5567992631191
5521964913683
5511934170272
5511940055090
5571993827938
5545984188653
5569992678637
5543991466295
5522999289678
5524999580778
5527999267433
5521996768942
5513996586335
5521997565062
5591981414935
5591999948973
5589981138515
5591988445097
5512974106591
5521991181875
5511966308942
5521964930761
5511994675091
5514991334941
5583999101048
5541987110830
5511976493571
5521979804670
5571996666629
5594981529524
5514991197185
5521977020112
5521973457168
5571986028042
5541987070006
5543998369083
5511999914124
5513991279689
5561999769993
5581983845063
5542999730394
5527996903772
5511946035362
5511995720048
5563992074703
5586999816315
5541995259455
5542991127035
5571982543453
5585981633197
5513988134028
5567999349642
5599988249657
5541984799073
5544999408787
5541984777807
5511956492623
5511957084436
5571999575508
5569999324173
5553999903824
5527988340515
5551983072013
5521987011532
5567999234262
5511943023035
5581993062651
5581986559216
5522999397666
5516981608063
5593992425334
5527998619903
5541991610383
5537998197842
5548996691043
5585992848645
5562985841525
5522998293476
5519989981142
5521986467355
5531994379900
5511973751695
5554999386831
5581986005734
5519997463227
5543996048788
5571992265059
5581985875944
5582987380068
5561984393633
5531975623720
5545988213210
5513996021910
5545999266433
5538988171333
5582988963940
5524998577121
5531992598658
5583993049083
5511955841982
5563992342477
5581993468315
5512978148071
5534999981858
5517997544195
5575998279754
5599981432289
5521978892641
5568999620023
5542999587458
5591989287466
5563981036344
5567981114930
5565984793794
5581986287352
5512996040294
5527996248150
5542991110503
5542999292268
5511947226340
5591981762150
5527997068924
5565999245476
5566996396396
5511973477703
5513997812409
5521994849493
5511975054842
5527996030047
5555992077698
5541999587808
5544999807100
5591998150170
5547991758982
5591988117935
5562981245655
5521981215899
5542999213365
5547991260431
5547988145928
5511991279118
5511970933081
5533998598224
5551985277565
5579998812933
5571991122636
5571991912145
5567996408805
5542999096393
5573998011028
5561984331670
5534991986655
5521976626834
5589994697737
5541987093709
5592984476212
5532999560088
5586994348000
5511998297997
5575988570158
5585996288387
5531996086181
5599981126253
5565992878730
5519996729679
5511988395045
5587996013792
5584988047136
5555997061413
5541995275651
5541988396617
5522992689742
5524999911110
5567992941445
5511981419078
5511991248853
5515996160538
5515997485298
5573981208480
5549998204871
5519993926465
5541988706922
5527997862201
5591984576895
5581999587547
5512988080648
5511995798102
5511940222165
5521964345567
5599984484993
5586999271205
5585991018218
5582999157438
5541997880991
5511991475095
5598996092070
5541997949133
5511961252433
5533999086528
5548988669605
5591982314703
5514996517047
5562993560430
5511944620858
5586988211311
5514991369300
5548991258468
5511993393599
5581986488273
5513997057508
5522998000750
5521992057424
5585991087546
5599991783272
5532999189289
5585987856530
5561985026832
5527997355644
5521964338744
5514996384372
5588981206517
5512991535605
5511998585123
5562995191216
5598985606468
5594984143646
5519998211288
5555996121847
5511995933522
5513991827449
5515998195579
5598992270785
5512997959291
5521979681015
5585982062576
5511940591366
5511973269115
5585987352602
5562981588053
5598985267372
5512988091172
5516996159512
5522999995062
5584988160858
5562984232671
5595981187030
5521968677570
5562999321609
5545999806909
5519994643915
5511979969009
5589988244690
5531983399147
5521974264959
5521988210854
5528999790216
5511973455972
5565996234133
5545998107131
5591981473762
5598988025904
5589994374433
5599991020191
5548984387594
5542998517119
5551995043331
5546999404869
5534984215037
5511998273829
5599981307681
5544999038904
5538999292700
5591987013703
5519997628871
5571987356527
5522992893116
5584987853105
5511979890231
5531986109767
5582991551074
5561999432400
5541996829712
5581987735718
5581983485548
5535991212753
5562996565675
5516997776061
5519989931335
5542984135384
5537998022740
5521975226185
5579991211791
5573981736333
5571985357648
5547999999353
5581994298646
5511956382210
5516997899976
5551985902763
5554996183970
5527999449482
5542991582794
5583982157124
5511946151471
5521992945753
5592991826050
5599984980332
5547996253261
5517988167686
5531989011670
5588997525505
5561992518169
5522998358812
5593996530016
5561991069533
5585997871817
5538999654216
5521986877170
5588999310081
5512996813558
5584999290488
5582996387962
5511940824828
5584997103588
5511971418485
5511916189140
5542991581588
5573988393662
5541992039679
5535999588222
5581985734471
5515997851400
5571991905301
5561985579794
5553999498854
5517996796660
5521988771342
5534998787589
5547992461363
5547996721601
5553999924631
5511962432594
5553984523616
5566996335604
5565996370440
5521975816368
5511999004856
5598992277075
5511991208335
5594981231243
5521967060901
5561984527833
5584992229532
5512991699227
5593991439788
5519991323534
5584994412571
5563991098476
5541984727706
5565992104900
5511998902261
5581995203185
5571999501982
5561981379741
5541999570768
5581973384716
5567992210966
5516993073285
5511992357881
5511965946536
5511966467139
5512991928866
5511962098873
5511962180575
5511940319821
5573988305408
5511973618457
5511974842524
5571991122250
5553992130531
5588993100175
5565996475940
5565981119279
5521981239743
5516988313625
5549991591832
5521995797789
5511967381185
5512997752048
5511965742558
5516991457876
5513988336206
5521977168052
5586994560553
5584988797679
5532988097118
5511981576562
5585986993886
5511963993667
5514997322910
5511944790715
5571991399882
5519993081591
5562992404209
5565999312415
5593999755510
5514997249864
5527997118666
5542999777642
5561993920733
5513997044485
5547999188263
5531991443652
5511972228407
5582999840972
5511988429055
5541987354020
5533988343084
5583986004943
5562999132303
5582987325113
5585999401346
5585989299813
5581999583713
5522998357726
5562985003120
5521984111110
5571993180376
5598984329205
5527998533847
5582988149049
5514988014817
5555984643740
5547996024427
5565999052778
5547984274110
5511964050325
5579998309015
5583999588761
5566996393321
5531987517251
5531999474654
5542999007069
5571985218035
5598988078882
5594992878383
5584997074460
5585996953245
5583986124380
5584988730259
5573988826928
5511981999037
5574998017927
5585981572944
5587991471152
5511971700051
5511999338079
5527999556906
5535991228948
5511965471722
5561991204066
5585985201492
5585992882517
5543988095847
5511974979870
5531997094570
5511960392278
5582988664093
5521993920712
5548988324734
5588996853356
5553997042276
5571992849520
5585987810656
5585992550128
5511963762119
5511971359144
5588996222190
5516997383452
5511945786071
5511940210337
5527997321211
5577998095926
5551985711734
5581987348119
5511964821354
5534991083540
5534984001831
5521970426762
5565981080671
5584991908558
5551992822697
5511943957783
5519993391093
5537999699415
5581988194361
5511966727041
5531983822356
5585999036292
5522992475091
5531983131047
5547999263982
5551981812937
5521981056415
5517988324407
5511999899928
5551982694614
5592982630411
5511995097947
5549991948238
5528999502822
5582993912458
5547996838083
5521972048799
5514997871195
5531993085300
5547992229947
5591998135056
5586995026760
5541999271387
5524999986936
5521988052268
5577999191966
5531992435862
5511973094144
5521996460205
5583987618973
5511980504601
5577999685003
5512992418845
5569999442612
5571984339446
5542999447071
5568984197752
5565993256614
5581993810405
5598981444797
5521996603364
5516991990476
5598984217810
5513992107469
5532999819534
5562991302940
5531996322145
5521995153601
5571983104110
5579999429018
5547991034491
5517982178834
5571993094760
5521991654240
5562991191427
5577991577223
5571991397427
5583988050982
5515997915569
5567992788763
5561992093190
5571996238311
5544997702400
5516997534982
5512996729710
5519997634786
5598988920089
5521968226177
5542988592834
5583991837248
5521990592882
5585994259121
5549999130736
5599988314108
5569993641331
5554999339039
5591980234669
5513997481435
5531991315695
5519992238669
5511969048138
5513997097108
5511996936643
5551983525778
5581983251128
5587988360862
5519998820450
5571987680149
5571996100331
5555999534750
5521999641983
5551985045463
5543991268771
5573981162873
5542991526256
5567991186743
5585991760000
5551995884255
5598984821927
5569984272111
5575999242604
5588996014692
5524999047837
5547984967421
5599984442507
5541984461075
5534984291636
5511944476892
5586988581852
5511997163353
5548999661106
5562991039721
5583986622838
5562985146147
5575981047088
5548984083661
5571986287098
5575988685492
5511942095277
5593991507688
5591988629495
5562986017043
5511956291954
5532999929102
5515991675609
5586988854881
5511969819192
5599981283762
5581996551643
5511967762807
5585992728726
5571999728933
5511997584956
5524998830135
5527995055850
5575982492682
5537988555563
5531983179752
5567998312989
5577981014172
5527992480767
5516991881064
5585991148170
5571983188943
5511997933795
5591983874552
5591993428619
5521964664892
5531971380927
5563984532293
5516992242641
5522999118473
5588999229463
5562982761064
5521996349335
5562992719486
5531986243747
5562982296667
5548991606801
5514997651731
5511988664327
5541997919828
5561991934480
5513996261182
5545999762102
5515991538440
5511960192939
5551981433954
5562992892433
5531983197862
5511998424099
5589981030388
5511968619588
5537991737351
5538999159103
5543996958941
5513996150286
5562982139290
5554999163215
5511940385975
5518997625446
5511998443659
5546999022168
5571981209480
5551980627621
5581998406647
5584996919889
5554996101122
5522992346927
5574988182108
5564992792018
5599981824928
5511989708478
5541996429388
5585985824876
5521995966559
5531996986594
5591985131442
5511969732907
5561999612671
5575981247009
5599982056827
5542984072848
5548984533758
5531999278994
5551992611356
5521998306577
5596991187022
5598991916678
5516992385206
5575999452938
5531998230128
5554999151518
5581998885388
5516997333188
5516997427262
5511998911208
5521967429942
5598970058355
5512983036960
5549998277227
5513997657778
5562996027390
5549991362934
5586994968522
5519989221121
5592991929591
5517991284761
5521997195771
5511966329276
5521966102405
5524992429434
5584987267233
5561991877552
5511962186605
5511988634420
5562994852711
5521973754148
5571991741896
5527999693983
5524999234489
5569992496588
5519988043305
5549985029326
5522998211545
5511995469675
5573988199194
5535997516485
5592984377235
5591985661182
5531996376138
5551984984436
5587999163332
5521964393960
5511975547181
5527998143452
5512996060540
5521993831054
5599991215308
5531987915140
5548991263133
5547992676080
5595981137984
5571999426740
5521994266960
5528998867997
5516991646247
5561982867471
5516997952372
5545999580535
5571988384382
5547996752918
5585996349227
5511962009399
5561999911903
5532988440489
5521968590903
5551993805642
5582996277407
5566999241223
5521985423199
5562993375158
5517996535182
5585992668700
5519999770167
5598982050004
5521993538617
5577981170459
5573991240034
5592984546331
5534988847767
5511992304333
5562985466010
5511947778025
5519998220974
5511961258425
5531998540123
5514991168988
5546999019606
5511997699622
5565992873580
5511980632381
5511940754773
5542984126443
5581993645233
5544998615902
5544999694392
5567999112228
5521964373738
5514991370162
5531971829509
5541996128532
5521999991248
5551999641743
5524992408508
5511998171732
5548988123468
5516992930078
5551981404836
5517997150698
5547984389048
5511997159084
5547988073441
5511989739498
5594991067644
5581987038853
5582998364531
5583986543982
5561986226574
5511976620747
5512991878816
5532987108675
5571982245013
5562985690156
5592984684753
5535999980320
5593991544682
5511973488213
5548988253520
5511993487498
5521970321045
5561991821726
5589994391864
5571986572375
5566999789980
5547988036997
5532999248447
5531971620164
5517997160635
5534991991656
5521977495312
5519974214054
5561991469837
5516996182625
5589988120584
5515996714787
5518996360356
5588981501260
5591988709409
5511962562541
5518997557989
5581989178647
5569993642273
5516993042539
5511999902887
5563999438417
5599984123061
5547991053586
5516991711736
5521999867960
5527999460105
5517992600137
5574999076606
5544999550627
5531996068447
5581982721425
5522974063416
5591987588896
5513997306382
5599984810164
5588999405816
5571988357657
5541985221790
5542988634301
5513988734929
5568974006023
5544997056391
5541998229394
5541999294738
5545998620250
5515997202765
5571984000682
5575982217380
5598984645187
5531985432050
5511977286620
5555984521157
5514996497592
5593991465548
5551981413869
5519995042202
5549988491267
5514996592532
5554991425146
5567984456544
5511971108141
5511965166916
5588997123855
5541996190878
5581983344441
5584994429882
5542998010280
5541996247494
5591983938606
5571981410701
5586999740349
5521975472255
5573999146532
5561994520128
5531992324178
5581993745238
5511971438772
5511992959640
5555984046939
5542984093535
5511960242869
5565992290229
5567992786343
5571999680062
5598985067049
5588993365084
5511974562358
5511972092184
5554981324928
5511968348017
5554991212182
5519997751686
5518996745138
5582982029178
5585992234603
5511966199847
5531984416109
5524999854843
5581993859613
5511967501193
5515996256914
5513996064048
5521971621409
5511996332922
5521976323854
5511974607851
5585988398890
5521965412132
5575988839709
5541988277755
5588992410077
5555991671521
5553984549120
5581991579014
5551992080752
5591989660417
5591989198450
5592991510812
5585991898466
5547999782002
5562994401897
5551989475842
5588999147887
5532991290519
5551999019548
5521995920963
5562996883226
5521993979869
5531997915403
5573988944776
5548988617423
5594996631706
5549999727979
5521981057054
5562993809438
5587981521421
5537998092302
5591984780078
5562992805788
5562985838139
5591999645211
5521964861377
5591996261448
5519999286683
5591992135471
5511988214847
5598981706188
5598985389962
5586998032468
5521996940800
5561993381835
5551998042339
5512991778813
5585987925507
5521993765840
5586988366848
5577981505563
5555984422019
5585982065456
5511974720520
5545991020078
5511988823151
5514991852419
5586995949780
5511962244067
5565992296393
5593991504127
5521998164012
5545999171537
5521991443607
5511964068765
5531986810000
5567999498176
5533999028050
5547984263232
5511974177445
5567991488957