STATUS,2,CallSetup,5511948053050,55111185744187,1,5511948053050,[14e4412831896927163679k28021rmwp],1,7,1,3,0,0,0,,0,0,0,0,0,0,0,,CFROM:5,NEOL 
STATUS,2,Routed,5511948053050,55111185744187,1,5511948053050,[14e4412831896927163679k28021rmwp],1,7,1,3,0,0,0,,0,0,0,0,0,0,0,,CFROM:2,NEOL 
STATUS,2,CallDisconnect,5511948053050,55111185744187,1,5511948053050,[14e4412831896927163679k28021rmwp],1,7,0,3,0,0,0,,0,0,0,0,0,0,0,,CFROM:5,NEOL 
STATUS,2,Finished,5511948053050,55111185744187,1,5511948053050,[14e4412831896927163679k28021rmwp],1,7,0,3,0,0,0,,0,0,0,0,4,0,0,,CFROM:2,NEOL 
STATUS,1,CallSetup,5511948053050,55111185744187,1,5511948053050,[6e6181414493468737906k73469rmwp],1,4,1,3,0,0,0,,0,0,0,0,0,0,0,,CFROM:5,NEOL 
STATUS,1,Routed,5511948053050,55111185744187,1,5511948053050,[6e6181414493468737906k73469rmwp],1,4,1,3,0,0,0,,0,0,0,0,0,0,0,,CFROM:2,NEOL 
STATUS,1,CallDisconnect,5511948053050,55111185744187,1,5511948053050,[6e6181414493468737906k73469rmwp],1,7,0,3,0,0,0,,0,0,0,0,0,0,0,,CFROM:5,NEOL 
STATUS,1,Finished,5511948053050,55111185744187,1,5511948053050,[6e6181414493468737906k73469rmwp],1,7,0,3,0,0,0,,0,0,0,0,4,0,0,,CFROM:2,NEOL 
STATUS,1,CallSetup,5511948053050,55111185744187,1,5511948053050,[6e5507227171021766152k38917rmwp],1,4,1,3,0,0,0,,0,0,0,0,0,0,0,,CFROM:5,NEOL 
STATUS,1,Routed,5511948053050,55111185744187,1,5511948053050,[6e5507227171021766152k38917rmwp],1,4,1,3,0,0,0,,0,0,0,0,0,0,0,,CFROM:2,NEOL 
STATUS,1,InProgress,5511948053050,55111185744187,1,5511948053050,[6e5507227171021766152k38917rmwp],1,2,1,3,0,0,0,,0,0,0,0,0,0,0,,CFROM:2,NEOL 
STATUS,1,CallDisconnect,5511948053050,55111185744187,1,5511948053050,[6e5507227171021766152k38917rmwp],1,2,0,3,0,0,0,,0,0,0,0,0,0,0,,CFROM:5,NEOL 
STATUS,1,Finished,5511948053050,55111185744187,1,5511948053050,[6e5507227171021766152k38917rmwp],1,2,0,3,0,0,0,,0,0,0,0,4,0,0,,CFROM:2,NEOL 
STATUS,1,CallSetup,5511948053050,55111185744187,1,5511948053050,[6e8018629017541755892k26928rmwp],1,4,1,3,0,0,0,,0,0,0,0,0,0,0,,CFROM:5,NEOL 
STATUS,1,Routed,5511948053050,55111185744187,1,5511948053050,[6e8018629017541755892k26928rmwp],1,4,1,3,0,0,0,,0,0,0,0,0,0,0,,CFROM:2,NEOL 
STATUS,1,InProgress,5511948053050,55111185744187,1,5511948053050,[6e8018629017541755892k26928rmwp],1,2,1,3,0,0,0,,0,0,0,0,0,0,0,,CFROM:2,NEOL 
STATUS,1,Ringing,5511948053050,55111185744187,1,5511948053050,[6e8018629017541755892k26928rmwp],1,2,1,3,0,0,0,,0,0,0,0,0,0,0,,CFROM:2,NEOL 
STATUS,1,CallDisconnect,5511948053050,55111185744187,1,5511948053050,[6e8018629017541755892k26928rmwp],1,2,0,3,0,0,0,,0,0,0,0,0,0,0,,CFROM:5,NEOL 
STATUS,1,Finished,5511948053050,55111185744187,1,5511948053050,[6e8018629017541755892k26928rmwp],1,2,0,3,0,0,0,,0,0,0,0,4,0,0,,CFROM:2,NEOL 
STATUS,1,CallSetup,5511948053050,55111185744187,1,5511948053050,[10e2464819088362419861k69785rmwp],1,4,1,3,0,0,0,,0,0,0,0,0,0,0,,CFROM:5,NEOL 
STATUS,1,Routed,5511948053050,55111185744187,1,5511948053050,[10e2464819088362419861k69785rmwp],1,4,1,3,0,0,0,,0,0,0,0,0,0,0,,CFROM:2,NEOL 
STATUS,1,InProgress,5511948053050,55111185744187,1,5511948053050,[10e2464819088362419861k69785rmwp],1,2,1,3,0,0,0,,0,0,0,0,0,0,0,,CFROM:2,NEOL 
STATUS,1,CallDisconnect,5511948053050,55111185744187,1,5511948053050,[10e2464819088362419861k69785rmwp],1,2,0,3,0,0,0,,0,0,0,0,0,0,0,,CFROM:5,NEOL 
STATUS,1,Finished,5511948053050,55111185744187,1,5511948053050,[10e2464819088362419861k69785rmwp],1,2,0,3,0,0,0,,0,0,0,0,4,0,0,,CFROM:2,NEOL 
